79 15702 2 0.5 3 0.5
2 1 5 1.0
3 1 4 1.0
4 2 6 0.5 1 0.5
5 2 6 0.5 3 0.5
6 1 7 1.0
7 2 4 0.5 8 0.5
8 1 1 1.0
9 1 280545 1.000000
10 1 9 1.000000
11 1 9 1.000000
12 1 10 1.000000
13 1 10 1.000000
14 1 280545 1.000000
15 1 14 1.000000
16 1 14 1.000000
17 1 15 1.000000
18 1 15 1.000000
19 1 280545 1.000000
20 1 19 1.000000
21 1 19 1.000000
22 1 20 1.000000
23 1 20 1.000000
24 1 280545 1.000000
25 1 24 1.000000
26 1 24 1.000000
27 1 25 1.000000
28 1 25 1.000000
29 34 30 0.029412 31 0.029412 32 0.029412 33 0.029412 34 0.029412 35 0.029412 36 0.029412 37 0.029412 38 0.029412 39 0.029412 40 0.029412 41 0.029412 42 0.029412 43 0.029412 44 0.029412 45 0.029412 46 0.029412 47 0.029412 48 0.029412 49 0.029412 50 0.029412 51 0.029412 52 0.029412 53 0.029412 54 0.029412 55 0.029412 56 0.029412 57 0.029412 58 0.029412 59 0.029412 60 0.029412 61 0.029412 62 0.029412 63 0.029412
30 34 29 0.029412 31 0.029412 32 0.029412 33 0.029412 34 0.029412 35 0.029412 36 0.029412 37 0.029412 38 0.029412 39 0.029412 40 0.029412 41 0.029412 42 0.029412 43 0.029412 44 0.029412 45 0.029412 46 0.029412 47 0.029412 48 0.029412 49 0.029412 50 0.029412 51 0.029412 52 0.029412 53 0.029412 54 0.029412 55 0.029412 56 0.029412 57 0.029412 58 0.029412 59 0.029412 60 0.029412 61 0.029412 62 0.029412 63 0.029412
31 34 29 0.029412 30 0.029412 32 0.029412 33 0.029412 34 0.029412 35 0.029412 36 0.029412 37 0.029412 38 0.029412 39 0.029412 40 0.029412 41 0.029412 42 0.029412 43 0.029412 44 0.029412 45 0.029412 46 0.029412 47 0.029412 48 0.029412 49 0.029412 50 0.029412 51 0.029412 52 0.029412 53 0.029412 54 0.029412 55 0.029412 56 0.029412 57 0.029412 58 0.029412 59 0.029412 60 0.029412 61 0.029412 62 0.029412 63 0.029412
32 34 29 0.029412 30 0.029412 31 0.029412 33 0.029412 34 0.029412 35 0.029412 36 0.029412 37 0.029412 38 0.029412 39 0.029412 40 0.029412 41 0.029412 42 0.029412 43 0.029412 44 0.029412 45 0.029412 46 0.029412 47 0.029412 48 0.029412 49 0.029412 50 0.029412 51 0.029412 52 0.029412 53 0.029412 54 0.029412 55 0.029412 56 0.029412 57 0.029412 58 0.029412 59 0.029412 60 0.029412 61 0.029412 62 0.029412 63 0.029412
33 34 29 0.029412 30 0.029412 31 0.029412 32 0.029412 34 0.029412 35 0.029412 36 0.029412 37 0.029412 38 0.029412 39 0.029412 40 0.029412 41 0.029412 42 0.029412 43 0.029412 44 0.029412 45 0.029412 46 0.029412 47 0.029412 48 0.029412 49 0.029412 50 0.029412 51 0.029412 52 0.029412 53 0.029412 54 0.029412 55 0.029412 56 0.029412 57 0.029412 58 0.029412 59 0.029412 60 0.029412 61 0.029412 62 0.029412 63 0.029412
34 34 29 0.029412 30 0.029412 31 0.029412 32 0.029412 33 0.029412 35 0.029412 36 0.029412 37 0.029412 38 0.029412 39 0.029412 40 0.029412 41 0.029412 42 0.029412 43 0.029412 44 0.029412 45 0.029412 46 0.029412 47 0.029412 48 0.029412 49 0.029412 50 0.029412 51 0.029412 52 0.029412 53 0.029412 54 0.029412 55 0.029412 56 0.029412 57 0.029412 58 0.029412 59 0.029412 60 0.029412 61 0.029412 62 0.029412 63 0.029412
35 34 29 0.029412 30 0.029412 31 0.029412 32 0.029412 33 0.029412 34 0.029412 36 0.029412 37 0.029412 38 0.029412 39 0.029412 40 0.029412 41 0.029412 42 0.029412 43 0.029412 44 0.029412 45 0.029412 46 0.029412 47 0.029412 48 0.029412 49 0.029412 50 0.029412 51 0.029412 52 0.029412 53 0.029412 54 0.029412 55 0.029412 56 0.029412 57 0.029412 58 0.029412 59 0.029412 60 0.029412 61 0.029412 62 0.029412 63 0.029412
36 34 29 0.029412 30 0.029412 31 0.029412 32 0.029412 33 0.029412 34 0.029412 35 0.029412 37 0.029412 38 0.029412 39 0.029412 40 0.029412 41 0.029412 42 0.029412 43 0.029412 44 0.029412 45 0.029412 46 0.029412 47 0.029412 48 0.029412 49 0.029412 50 0.029412 51 0.029412 52 0.029412 53 0.029412 54 0.029412 55 0.029412 56 0.029412 57 0.029412 58 0.029412 59 0.029412 60 0.029412 61 0.029412 62 0.029412 63 0.029412
37 34 29 0.029412 30 0.029412 31 0.029412 32 0.029412 33 0.029412 34 0.029412 35 0.029412 36 0.029412 38 0.029412 39 0.029412 40 0.029412 41 0.029412 42 0.029412 43 0.029412 44 0.029412 45 0.029412 46 0.029412 47 0.029412 48 0.029412 49 0.029412 50 0.029412 51 0.029412 52 0.029412 53 0.029412 54 0.029412 55 0.029412 56 0.029412 57 0.029412 58 0.029412 59 0.029412 60 0.029412 61 0.029412 62 0.029412 63 0.029412
38 34 29 0.029412 30 0.029412 31 0.029412 32 0.029412 33 0.029412 34 0.029412 35 0.029412 36 0.029412 37 0.029412 39 0.029412 40 0.029412 41 0.029412 42 0.029412 43 0.029412 44 0.029412 45 0.029412 46 0.029412 47 0.029412 48 0.029412 49 0.029412 50 0.029412 51 0.029412 52 0.029412 53 0.029412 54 0.029412 55 0.029412 56 0.029412 57 0.029412 58 0.029412 59 0.029412 60 0.029412 61 0.029412 62 0.029412 63 0.029412
39 34 29 0.029412 30 0.029412 31 0.029412 32 0.029412 33 0.029412 34 0.029412 35 0.029412 36 0.029412 37 0.029412 38 0.029412 40 0.029412 41 0.029412 42 0.029412 43 0.029412 44 0.029412 45 0.029412 46 0.029412 47 0.029412 48 0.029412 49 0.029412 50 0.029412 51 0.029412 52 0.029412 53 0.029412 54 0.029412 55 0.029412 56 0.029412 57 0.029412 58 0.029412 59 0.029412 60 0.029412 61 0.029412 62 0.029412 63 0.029412
40 34 29 0.029412 30 0.029412 31 0.029412 32 0.029412 33 0.029412 34 0.029412 35 0.029412 36 0.029412 37 0.029412 38 0.029412 39 0.029412 41 0.029412 42 0.029412 43 0.029412 44 0.029412 45 0.029412 46 0.029412 47 0.029412 48 0.029412 49 0.029412 50 0.029412 51 0.029412 52 0.029412 53 0.029412 54 0.029412 55 0.029412 56 0.029412 57 0.029412 58 0.029412 59 0.029412 60 0.029412 61 0.029412 62 0.029412 63 0.029412
41 34 29 0.029412 30 0.029412 31 0.029412 32 0.029412 33 0.029412 34 0.029412 35 0.029412 36 0.029412 37 0.029412 38 0.029412 39 0.029412 40 0.029412 42 0.029412 43 0.029412 44 0.029412 45 0.029412 46 0.029412 47 0.029412 48 0.029412 49 0.029412 50 0.029412 51 0.029412 52 0.029412 53 0.029412 54 0.029412 55 0.029412 56 0.029412 57 0.029412 58 0.029412 59 0.029412 60 0.029412 61 0.029412 62 0.029412 63 0.029412
42 34 29 0.029412 30 0.029412 31 0.029412 32 0.029412 33 0.029412 34 0.029412 35 0.029412 36 0.029412 37 0.029412 38 0.029412 39 0.029412 40 0.029412 41 0.029412 43 0.029412 44 0.029412 45 0.029412 46 0.029412 47 0.029412 48 0.029412 49 0.029412 50 0.029412 51 0.029412 52 0.029412 53 0.029412 54 0.029412 55 0.029412 56 0.029412 57 0.029412 58 0.029412 59 0.029412 60 0.029412 61 0.029412 62 0.029412 63 0.029412
43 34 29 0.029412 30 0.029412 31 0.029412 32 0.029412 33 0.029412 34 0.029412 35 0.029412 36 0.029412 37 0.029412 38 0.029412 39 0.029412 40 0.029412 41 0.029412 42 0.029412 44 0.029412 45 0.029412 46 0.029412 47 0.029412 48 0.029412 49 0.029412 50 0.029412 51 0.029412 52 0.029412 53 0.029412 54 0.029412 55 0.029412 56 0.029412 57 0.029412 58 0.029412 59 0.029412 60 0.029412 61 0.029412 62 0.029412 63 0.029412
44 34 29 0.029412 30 0.029412 31 0.029412 32 0.029412 33 0.029412 34 0.029412 35 0.029412 36 0.029412 37 0.029412 38 0.029412 39 0.029412 40 0.029412 41 0.029412 42 0.029412 43 0.029412 45 0.029412 46 0.029412 47 0.029412 48 0.029412 49 0.029412 50 0.029412 51 0.029412 52 0.029412 53 0.029412 54 0.029412 55 0.029412 56 0.029412 57 0.029412 58 0.029412 59 0.029412 60 0.029412 61 0.029412 62 0.029412 63 0.029412
45 34 29 0.029412 30 0.029412 31 0.029412 32 0.029412 33 0.029412 34 0.029412 35 0.029412 36 0.029412 37 0.029412 38 0.029412 39 0.029412 40 0.029412 41 0.029412 42 0.029412 43 0.029412 44 0.029412 46 0.029412 47 0.029412 48 0.029412 49 0.029412 50 0.029412 51 0.029412 52 0.029412 53 0.029412 54 0.029412 55 0.029412 56 0.029412 57 0.029412 58 0.029412 59 0.029412 60 0.029412 61 0.029412 62 0.029412 63 0.029412
46 34 29 0.029412 30 0.029412 31 0.029412 32 0.029412 33 0.029412 34 0.029412 35 0.029412 36 0.029412 37 0.029412 38 0.029412 39 0.029412 40 0.029412 41 0.029412 42 0.029412 43 0.029412 44 0.029412 45 0.029412 47 0.029412 48 0.029412 49 0.029412 50 0.029412 51 0.029412 52 0.029412 53 0.029412 54 0.029412 55 0.029412 56 0.029412 57 0.029412 58 0.029412 59 0.029412 60 0.029412 61 0.029412 62 0.029412 63 0.029412
47 34 29 0.029412 30 0.029412 31 0.029412 32 0.029412 33 0.029412 34 0.029412 35 0.029412 36 0.029412 37 0.029412 38 0.029412 39 0.029412 40 0.029412 41 0.029412 42 0.029412 43 0.029412 44 0.029412 45 0.029412 46 0.029412 48 0.029412 49 0.029412 50 0.029412 51 0.029412 52 0.029412 53 0.029412 54 0.029412 55 0.029412 56 0.029412 57 0.029412 58 0.029412 59 0.029412 60 0.029412 61 0.029412 62 0.029412 63 0.029412
48 34 29 0.029412 30 0.029412 31 0.029412 32 0.029412 33 0.029412 34 0.029412 35 0.029412 36 0.029412 37 0.029412 38 0.029412 39 0.029412 40 0.029412 41 0.029412 42 0.029412 43 0.029412 44 0.029412 45 0.029412 46 0.029412 47 0.029412 49 0.029412 50 0.029412 51 0.029412 52 0.029412 53 0.029412 54 0.029412 55 0.029412 56 0.029412 57 0.029412 58 0.029412 59 0.029412 60 0.029412 61 0.029412 62 0.029412 63 0.029412
49 34 29 0.029412 30 0.029412 31 0.029412 32 0.029412 33 0.029412 34 0.029412 35 0.029412 36 0.029412 37 0.029412 38 0.029412 39 0.029412 40 0.029412 41 0.029412 42 0.029412 43 0.029412 44 0.029412 45 0.029412 46 0.029412 47 0.029412 48 0.029412 50 0.029412 51 0.029412 52 0.029412 53 0.029412 54 0.029412 55 0.029412 56 0.029412 57 0.029412 58 0.029412 59 0.029412 60 0.029412 61 0.029412 62 0.029412 63 0.029412
50 34 29 0.029412 30 0.029412 31 0.029412 32 0.029412 33 0.029412 34 0.029412 35 0.029412 36 0.029412 37 0.029412 38 0.029412 39 0.029412 40 0.029412 41 0.029412 42 0.029412 43 0.029412 44 0.029412 45 0.029412 46 0.029412 47 0.029412 48 0.029412 49 0.029412 51 0.029412 52 0.029412 53 0.029412 54 0.029412 55 0.029412 56 0.029412 57 0.029412 58 0.029412 59 0.029412 60 0.029412 61 0.029412 62 0.029412 63 0.029412
51 34 29 0.029412 30 0.029412 31 0.029412 32 0.029412 33 0.029412 34 0.029412 35 0.029412 36 0.029412 37 0.029412 38 0.029412 39 0.029412 40 0.029412 41 0.029412 42 0.029412 43 0.029412 44 0.029412 45 0.029412 46 0.029412 47 0.029412 48 0.029412 49 0.029412 50 0.029412 52 0.029412 53 0.029412 54 0.029412 55 0.029412 56 0.029412 57 0.029412 58 0.029412 59 0.029412 60 0.029412 61 0.029412 62 0.029412 63 0.029412
52 34 29 0.029412 30 0.029412 31 0.029412 32 0.029412 33 0.029412 34 0.029412 35 0.029412 36 0.029412 37 0.029412 38 0.029412 39 0.029412 40 0.029412 41 0.029412 42 0.029412 43 0.029412 44 0.029412 45 0.029412 46 0.029412 47 0.029412 48 0.029412 49 0.029412 50 0.029412 51 0.029412 53 0.029412 54 0.029412 55 0.029412 56 0.029412 57 0.029412 58 0.029412 59 0.029412 60 0.029412 61 0.029412 62 0.029412 63 0.029412
53 34 29 0.029412 30 0.029412 31 0.029412 32 0.029412 33 0.029412 34 0.029412 35 0.029412 36 0.029412 37 0.029412 38 0.029412 39 0.029412 40 0.029412 41 0.029412 42 0.029412 43 0.029412 44 0.029412 45 0.029412 46 0.029412 47 0.029412 48 0.029412 49 0.029412 50 0.029412 51 0.029412 52 0.029412 54 0.029412 55 0.029412 56 0.029412 57 0.029412 58 0.029412 59 0.029412 60 0.029412 61 0.029412 62 0.029412 63 0.029412
54 34 29 0.029412 30 0.029412 31 0.029412 32 0.029412 33 0.029412 34 0.029412 35 0.029412 36 0.029412 37 0.029412 38 0.029412 39 0.029412 40 0.029412 41 0.029412 42 0.029412 43 0.029412 44 0.029412 45 0.029412 46 0.029412 47 0.029412 48 0.029412 49 0.029412 50 0.029412 51 0.029412 52 0.029412 53 0.029412 55 0.029412 56 0.029412 57 0.029412 58 0.029412 59 0.029412 60 0.029412 61 0.029412 62 0.029412 63 0.029412
55 34 29 0.029412 30 0.029412 31 0.029412 32 0.029412 33 0.029412 34 0.029412 35 0.029412 36 0.029412 37 0.029412 38 0.029412 39 0.029412 40 0.029412 41 0.029412 42 0.029412 43 0.029412 44 0.029412 45 0.029412 46 0.029412 47 0.029412 48 0.029412 49 0.029412 50 0.029412 51 0.029412 52 0.029412 53 0.029412 54 0.029412 56 0.029412 57 0.029412 58 0.029412 59 0.029412 60 0.029412 61 0.029412 62 0.029412 63 0.029412
56 34 29 0.029412 30 0.029412 31 0.029412 32 0.029412 33 0.029412 34 0.029412 35 0.029412 36 0.029412 37 0.029412 38 0.029412 39 0.029412 40 0.029412 41 0.029412 42 0.029412 43 0.029412 44 0.029412 45 0.029412 46 0.029412 47 0.029412 48 0.029412 49 0.029412 50 0.029412 51 0.029412 52 0.029412 53 0.029412 54 0.029412 55 0.029412 57 0.029412 58 0.029412 59 0.029412 60 0.029412 61 0.029412 62 0.029412 63 0.029412
57 34 29 0.029412 30 0.029412 31 0.029412 32 0.029412 33 0.029412 34 0.029412 35 0.029412 36 0.029412 37 0.029412 38 0.029412 39 0.029412 40 0.029412 41 0.029412 42 0.029412 43 0.029412 44 0.029412 45 0.029412 46 0.029412 47 0.029412 48 0.029412 49 0.029412 50 0.029412 51 0.029412 52 0.029412 53 0.029412 54 0.029412 55 0.029412 56 0.029412 58 0.029412 59 0.029412 60 0.029412 61 0.029412 62 0.029412 63 0.029412
58 34 29 0.029412 30 0.029412 31 0.029412 32 0.029412 33 0.029412 34 0.029412 35 0.029412 36 0.029412 37 0.029412 38 0.029412 39 0.029412 40 0.029412 41 0.029412 42 0.029412 43 0.029412 44 0.029412 45 0.029412 46 0.029412 47 0.029412 48 0.029412 49 0.029412 50 0.029412 51 0.029412 52 0.029412 53 0.029412 54 0.029412 55 0.029412 56 0.029412 57 0.029412 59 0.029412 60 0.029412 61 0.029412 62 0.029412 63 0.029412
59 34 29 0.029412 30 0.029412 31 0.029412 32 0.029412 33 0.029412 34 0.029412 35 0.029412 36 0.029412 37 0.029412 38 0.029412 39 0.029412 40 0.029412 41 0.029412 42 0.029412 43 0.029412 44 0.029412 45 0.029412 46 0.029412 47 0.029412 48 0.029412 49 0.029412 50 0.029412 51 0.029412 52 0.029412 53 0.029412 54 0.029412 55 0.029412 56 0.029412 57 0.029412 58 0.029412 60 0.029412 61 0.029412 62 0.029412 63 0.029412
60 34 29 0.029412 30 0.029412 31 0.029412 32 0.029412 33 0.029412 34 0.029412 35 0.029412 36 0.029412 37 0.029412 38 0.029412 39 0.029412 40 0.029412 41 0.029412 42 0.029412 43 0.029412 44 0.029412 45 0.029412 46 0.029412 47 0.029412 48 0.029412 49 0.029412 50 0.029412 51 0.029412 52 0.029412 53 0.029412 54 0.029412 55 0.029412 56 0.029412 57 0.029412 58 0.029412 59 0.029412 61 0.029412 62 0.029412 63 0.029412
61 34 29 0.029412 30 0.029412 31 0.029412 32 0.029412 33 0.029412 34 0.029412 35 0.029412 36 0.029412 37 0.029412 38 0.029412 39 0.029412 40 0.029412 41 0.029412 42 0.029412 43 0.029412 44 0.029412 45 0.029412 46 0.029412 47 0.029412 48 0.029412 49 0.029412 50 0.029412 51 0.029412 52 0.029412 53 0.029412 54 0.029412 55 0.029412 56 0.029412 57 0.029412 58 0.029412 59 0.029412 60 0.029412 62 0.029412 63 0.029412
62 34 29 0.029412 30 0.029412 31 0.029412 32 0.029412 33 0.029412 34 0.029412 35 0.029412 36 0.029412 37 0.029412 38 0.029412 39 0.029412 40 0.029412 41 0.029412 42 0.029412 43 0.029412 44 0.029412 45 0.029412 46 0.029412 47 0.029412 48 0.029412 49 0.029412 50 0.029412 51 0.029412 52 0.029412 53 0.029412 54 0.029412 55 0.029412 56 0.029412 57 0.029412 58 0.029412 59 0.029412 60 0.029412 61 0.029412 63 0.029412
63 35 29 0.028571 30 0.028571 31 0.028571 32 0.028571 33 0.028571 34 0.028571 35 0.028571 36 0.028571 37 0.028571 38 0.028571 39 0.028571 40 0.028571 41 0.028571 42 0.028571 43 0.028571 44 0.028571 45 0.028571 46 0.028571 47 0.028571 48 0.028571 49 0.028571 50 0.028571 51 0.028571 52 0.028571 53 0.028571 54 0.028571 55 0.028571 56 0.028571 57 0.028571 58 0.028571 59 0.028571 60 0.028571 61 0.028571 62 0.028571 281466 0.028571
33 3 34 0.333333 35 0.333333 36 0.333333
34 3 33 0.333333 35 0.333333 36 0.333333
35 3 33 0.333333 34 0.333333 36 0.333333
36 4 33 0.250000 34 0.250000 35 0.250000 281466 0.250000
35 2 36 0.500000 37 0.500000
36 2 35 0.500000 37 0.500000
37 3 35 0.333333 36 0.333333 281466 0.333333
47 5 48 0.200000 49 0.200000 50 0.200000 51 0.200000 52 0.200000
48 5 47 0.200000 49 0.200000 50 0.200000 51 0.200000 52 0.200000
49 5 47 0.200000 48 0.200000 50 0.200000 51 0.200000 52 0.200000
50 5 47 0.200000 48 0.200000 49 0.200000 51 0.200000 52 0.200000
51 5 47 0.200000 48 0.200000 49 0.200000 50 0.200000 52 0.200000
52 6 47 0.166667 48 0.166667 49 0.166667 50 0.166667 51 0.166667 281466 0.166667
41 2 42 0.500000 43 0.500000
42 2 41 0.500000 43 0.500000
43 3 41 0.333333 42 0.333333 281466 0.333333
