2.60276e-06
2.51541e-06
3.70316e-06
2.56021e-06
2.56042e-06
1.81382e-06
5.11055e-06
2.17008e-06
3.04131e-06
1.52273e-06
4.46213e-06
2.78813e-06
1.76163e-06
2.86226e-06
2.57771e-06
2.75536e-06
3.04644e-06
2.63681e-06
2.56094e-06
3.96306e-06
2.56391e-06
2.56971e-06
5.40685e-06
2.65952e-06
1.81353e-06
2.91757e-06
1.76163e-06
3.04267e-06
2.51069e-06
2.11218e-06
2.40787e-06
3.03854e-06
4.42183e-06
3.73495e-06
1.77559e-06
2.96977e-06
1.88133e-06
3.51827e-06
2.56971e-06
3.40685e-06
2.65952e-06
2.81353e-06
3.91757e-06
2.76163e-06
3.04267e-06
2.51069e-06
2.11218e-06
2.40787e-06
3.03854e-06
4.42183e-06
3.73495e-06
4.77559e-06
4.96977e-06
4.88133e-06
3.51827e-06
